id,y
0,0
1,2
2,3
3,2
4,0
5,0
6,3
7,2
8,2
9,0
10,0
11,0
12,1
13,0
14,0
15,0
16,0
17,0
18,2
19,1
20,2
21,2
22,2
23,1
24,2
25,3
26,2
27,0
28,0
29,2
30,0
31,0
32,0
33,2
34,2
35,2
36,2
37,0
38,3
39,0
40,0
41,2
42,0
43,0
44,1
45,0
46,0
47,1
48,0
49,1
50,0
51,2
52,3
53,1
54,0
55,0
56,3
57,2
58,0
59,2
60,0
61,0
62,0
63,0
64,2
65,3
66,1
67,0
68,0
69,1
70,2
71,0
72,1
73,0
74,0
75,2
76,1
77,2
78,0
79,2
80,2
81,0
82,0
83,0
84,0
85,0
86,0
87,2
88,3
89,0
90,1
91,2
92,3
93,2
94,2
95,2
96,0
97,1
98,2
99,0
100,0
101,0
102,2
103,0
104,1
105,0
106,0
107,0
108,0
109,2
110,1
111,0
112,2
113,2
114,0
115,0
116,1
117,0
118,2
119,0
120,1
121,1
122,0
123,2
124,0
125,0
126,0
127,0
128,0
129,0
130,0
131,0
132,1
133,0
134,0
135,0
136,0
137,3
138,0
139,1
140,1
141,1
142,0
143,0
144,0
145,1
146,3
147,0
148,0
149,1
150,0
151,2
152,0
153,0
154,3
155,0
156,0
157,0
158,0
159,1
160,0
161,3
162,0
163,2
164,3
165,0
166,2
167,0
168,3
169,0
170,1
171,0
172,1
173,0
174,1
175,0
176,0
177,1
178,0
179,0
180,2
181,3
182,2
183,0
184,0
185,0
186,0
187,2
188,0
189,0
190,0
191,0
192,0
193,3
194,0
195,0
196,3
197,2
198,0
199,0
200,3
201,0
202,0
203,2
204,2
205,2
206,0
207,0
208,0
209,0
210,0
211,0
212,0
213,1
214,3
215,2
216,2
217,0
218,1
219,0
220,0
221,0
222,0
223,3
224,2
225,3
226,2
227,0
228,0
229,0
230,1
231,0
232,1
233,1
234,0
235,0
236,2
237,2
238,2
239,0
240,0
241,0
242,0
243,0
244,0
245,0
246,0
247,1
248,2
249,0
250,2
251,3
252,1
253,0
254,0
255,0
256,0
257,0
258,2
259,1
260,2
261,2
262,0
263,0
264,1
265,2
266,2
267,2
268,0
269,2
270,0
271,0
272,3
273,0
274,0
275,2
276,0
277,3
278,0
279,0
280,0
281,0
282,2
283,0
284,2
285,1
286,0
287,2
288,2
289,0
290,0
291,0
292,0
293,2
294,0
295,0
296,0
297,0
298,0
299,0
300,0
301,2
302,0
303,0
304,0
305,2
306,0
307,0
308,1
309,2
310,0
311,2
312,3
313,0
314,3
315,1
316,0
317,2
318,3
319,0
320,0
321,0
322,0
323,0
324,2
325,0
326,0
327,0
328,1
329,0
330,2
331,0
332,0
333,0
334,0
335,2
336,2
337,2
338,0
339,0
340,2
341,0
342,0
343,0
344,0
345,2
346,0
347,0
348,2
349,0
350,0
351,0
352,0
353,2
354,2
355,2
356,2
357,0
358,0
359,0
360,2
361,0
362,0
363,0
364,0
365,1
366,0
367,2
368,0
369,0
370,0
371,2
372,2
373,0
374,0
375,0
376,2
377,3
378,0
379,1
380,0
381,2
382,0
383,2
384,0
385,3
386,0
387,0
388,0
389,0
390,0
391,0
392,0
393,1
394,2
395,0
396,0
397,0
398,2
399,0
400,0
401,1
402,0
403,0
404,0
405,1
406,0
407,0
408,0
409,0
410,0
411,0
412,2
413,0
414,0
415,3
416,0
417,0
418,0
419,0
420,2
421,3
422,0
423,1
424,2
425,2
426,0
427,0
428,0
429,1
430,3
431,2
432,2
433,2
434,3
435,0
436,0
437,0
438,3
439,2
440,0
441,2
442,2
443,2
444,2
445,0
446,0
447,2
448,0
449,0
450,0
451,0
452,0
453,0
454,1
455,0
456,2
457,1
458,1
459,0
460,0
461,3
462,2
463,0
464,0
465,2
466,0
467,2
468,0
469,0
470,2
471,1
472,0
473,2
474,3
475,0
476,2
477,0
478,0
479,0
480,0
481,2
482,2
483,0
484,0
485,0
486,0
487,2
488,0
489,0
490,0
491,0
492,1
493,2
494,0
495,1
496,2
497,2
498,0
499,0
500,0
501,1
502,0
503,0
504,0
505,0
506,0
507,1
508,1
509,0
510,0
511,2
512,1
513,0
514,0
515,0
516,0
517,0
518,2
519,1
520,0
521,1
522,0
523,0
524,0
525,2
526,1
527,0
528,0
529,0
530,0
531,0
532,3
533,2
534,0
535,2
536,1
537,0
538,0
539,0
540,0
541,0
542,0
543,2
544,0
545,2
546,0
547,0
548,0
549,0
550,2
551,0
552,0
553,0
554,0
555,0
556,2
557,0
558,1
559,2
560,0
561,0
562,0
563,2
564,2
565,2
566,0
567,2
568,2
569,0
570,2
571,0
572,0
573,2
574,0
575,0
576,1
577,0
578,3
579,0
580,2
581,0
582,0
583,0
584,0
585,0
586,0
587,1
588,0
589,2
590,0
591,0
592,1
593,0
594,2
595,0
596,0
597,0
598,0
599,0
600,0
601,1
602,0
603,1
604,0
605,2
606,1
607,2
608,0
609,1
610,0
611,1
612,3
613,2
614,0
615,3
616,0
617,1
618,0
619,0
620,0
621,1
622,0
623,0
624,3
625,2
626,0
627,0
628,0
629,2
630,1
631,0
632,0
633,0
634,3
635,2
636,2
637,0
638,3
639,0
640,2
641,2
642,0
643,2
644,0
645,0
646,0
647,2
648,0
649,0
650,2
651,0
652,1
653,2
654,2
655,2
656,0
657,2
658,0
659,2
660,1
661,2
662,0
663,0
664,2
665,2
666,0
667,0
668,0
669,0
670,0
671,2
672,0
673,0
674,0
675,0
676,0
677,0
678,2
679,0
680,2
681,0
682,2
683,2
684,0
685,0
686,0
687,2
688,0
689,0
690,2
691,2
692,0
693,0
694,3
695,1
696,2
697,0
698,0
699,2
700,0
701,2
702,0
703,0
704,0
705,2
706,0
707,0
708,0
709,2
710,0
711,3
712,0
713,0
714,0
715,2
716,2
717,0
718,0
719,1
720,2
721,2
722,0
723,0
724,3
725,0
726,2
727,2
728,0
729,2
730,2
731,0
732,0
733,0
734,0
735,3
736,0
737,0
738,2
739,3
740,0
741,0
742,2
743,1
744,2
745,0
746,0
747,0
748,0
749,0
750,2
751,0
752,0
753,0
754,0
755,3
756,0
757,2
758,1
759,0
760,0
761,2
762,0
763,0
764,0
765,0
766,2
767,2
768,0
769,1
770,0
771,0
772,2
773,0
774,0
775,1
776,0
777,0
778,0
779,2
780,0
781,0
782,0
783,0
784,2
785,0
786,2
787,0
788,0
789,0
790,0
791,0
792,0
793,0
794,0
795,2
796,1
797,0
798,0
799,0
800,1
801,2
802,0
803,0
804,0
805,3
806,3
807,0
808,2
809,0
810,2
811,2
812,0
813,2
814,0
815,0
816,0
817,0
818,0
819,0
820,2
821,3
822,0
823,0
824,0
825,2
826,0
827,0
828,2
829,0
830,0
831,0
832,0
833,0
834,2
835,0
836,1
837,0
838,0
839,0
840,1
841,2
842,0
843,0
844,1
845,2
846,0
847,0
848,0
849,0
850,1
851,3
852,0
853,0
854,0
855,0
856,1
857,1
858,1
859,2
860,0
861,0
862,0
863,0
864,2
865,2
866,1
867,0
868,2
869,0
870,2
871,3
872,2
873,0
874,1
875,1
876,0
877,1
878,0
879,3
880,0
881,2
882,1
883,0
884,0
885,0
886,2
887,0
888,0
889,2
890,1
891,0
892,0
893,1
894,2
895,2
896,0
897,3
898,0
899,2
900,0
901,0
902,0
903,2
904,0
905,3
906,0
907,3
908,2
909,2
910,2
911,0
912,3
913,1
914,0
915,2
916,2
917,3
918,2
919,0
920,1
921,0
922,0
923,0
924,2
925,1
926,0
927,2
928,0
929,0
930,0
931,0
932,2
933,2
934,2
935,2
936,0
937,0
938,2
939,0
940,0
941,0
942,2
943,0
944,0
945,0
946,0
947,3
948,2
949,2
950,0
951,0
952,0
953,2
954,0
955,0
956,2
957,0
958,0
959,2
960,0
961,2
962,2
963,0
964,0
965,1
966,0
967,2
968,2
969,0
970,2
971,1
972,2
973,0
974,0
975,0
976,0
977,2
978,0
979,0
980,3
981,0
982,1
983,0
984,2
985,0
986,2
987,0
988,0
989,0
990,0
991,1
992,0
993,3
994,0
995,2
996,0
997,1
998,2
999,0
1000,0
1001,2
1002,1
1003,0
1004,2
1005,0
1006,0
1007,2
1008,0
1009,1
1010,2
1011,0
1012,1
1013,2
1014,0
1015,2
1016,0
1017,0
1018,2
1019,2
1020,0
1021,0
1022,0
1023,1
1024,0
1025,0
1026,0
1027,2
1028,0
1029,0
1030,2
1031,3
1032,1
1033,2
1034,1
1035,0
1036,0
1037,0
1038,0
1039,0
1040,2
1041,2
1042,0
1043,2
1044,0
1045,0
1046,0
1047,1
1048,0
1049,1
1050,0
1051,1
1052,1
1053,0
1054,0
1055,2
1056,0
1057,0
1058,0
1059,0
1060,2
1061,2
1062,2
1063,0
1064,0
1065,2
1066,1
1067,2
1068,1
1069,0
1070,0
1071,0
1072,2
1073,0
1074,0
1075,0
1076,0
1077,2
1078,0
1079,0
1080,0
1081,0
1082,1
1083,2
1084,0
1085,0
1086,2
1087,0
1088,3
1089,0
1090,0
1091,3
1092,2
1093,2
1094,2
1095,2
1096,0
1097,2
1098,0
1099,1
1100,2
1101,2
1102,1
1103,3
1104,0
1105,0
1106,1
1107,0
1108,0
1109,0
1110,2
1111,1
1112,1
1113,2
1114,1
1115,2
1116,0
1117,1
1118,0
1119,0
1120,2
1121,0
1122,0
1123,0
1124,0
1125,2
1126,0
1127,1
1128,0
1129,3
1130,2
1131,2
1132,0
1133,2
1134,2
1135,0
1136,0
1137,2
1138,1
1139,2
1140,2
1141,2
1142,0
1143,0
1144,0
1145,0
1146,2
1147,0
1148,0
1149,2
1150,0
1151,0
1152,0
1153,2
1154,0
1155,2
1156,1
1157,1
1158,2
1159,0
1160,2
1161,0
1162,0
1163,0
1164,1
1165,0
1166,1
1167,0
1168,0
1169,0
1170,1
1171,2
1172,0
1173,2
1174,3
1175,0
1176,0
1177,0
1178,0
1179,0
1180,1
1181,2
1182,0
1183,0
1184,1
1185,0
1186,0
1187,2
1188,0
1189,2
1190,3
1191,0
1192,2
1193,0
1194,2
1195,0
1196,2
1197,2
1198,0
1199,0
1200,0
1201,0
1202,0
1203,0
1204,0
1205,0
1206,0
1207,3
1208,2
1209,2
1210,1
1211,0
1212,0
1213,0
1214,3
1215,3
1216,0
1217,0
1218,3
1219,0
1220,0
1221,2
1222,0
1223,3
1224,0
1225,3
1226,0
1227,0
1228,0
1229,0
1230,3
1231,2
1232,2
1233,0
1234,2
1235,2
1236,0
1237,0
1238,0
1239,0
1240,0
1241,0
1242,0
1243,0
1244,2
1245,2
1246,2
1247,0
1248,0
1249,2
1250,0
1251,2
1252,0
1253,0
1254,0
1255,2
1256,0
1257,0
1258,1
1259,0
1260,0
1261,1
1262,0
1263,3
1264,2
1265,0
1266,0
1267,0
1268,2
1269,3
1270,3
1271,1
1272,2
1273,2
1274,1
1275,0
1276,0
1277,0
1278,0
1279,2
1280,3
1281,2
1282,0
1283,2
1284,2
1285,0
1286,1
1287,2
1288,2
1289,2
1290,0
1291,0
1292,2
1293,2
1294,0
1295,0
1296,2
1297,0
1298,2
1299,0
1300,2
1301,0
1302,0
1303,2
1304,0
1305,0
1306,2
1307,0
1308,1
1309,1
1310,0
1311,1
1312,0
1313,2
1314,0
1315,0
1316,0
1317,1
1318,2
1319,0
1320,0
1321,2
1322,2
1323,2
1324,2
1325,0
1326,0
1327,0
1328,0
1329,0
1330,3
1331,0
1332,2
1333,2
1334,0
1335,0
1336,2
1337,0
1338,0
1339,0
1340,2
1341,1
1342,0
1343,2
1344,0
1345,0
1346,0
1347,2
1348,2
1349,0
1350,1
1351,0
1352,0
1353,0
1354,2
1355,2
1356,0
1357,0
1358,0
1359,2
1360,1
1361,2
1362,3
1363,0
1364,0
1365,0
1366,3
1367,1
1368,0
1369,0
1370,2
1371,0
1372,2
1373,1
1374,0
1375,0
1376,1
1377,0
1378,1
1379,2
1380,3
1381,0
1382,1
1383,1
1384,0
1385,0
1386,1
1387,0
1388,1
1389,0
1390,0
1391,0
1392,2
1393,0
1394,2
1395,3
1396,0
1397,0
1398,2
1399,2
1400,0
1401,0
1402,0
1403,2
1404,0
1405,0
1406,0
1407,0
1408,2
1409,0
1410,2
1411,0
1412,0
1413,0
1414,0
1415,0
1416,0
1417,1
1418,0
1419,1
1420,3
1421,0
1422,0
1423,0
1424,0
1425,0
1426,0
1427,3
1428,0
1429,0
1430,3
1431,0
1432,2
1433,2
1434,0
1435,2
1436,1
1437,0
1438,0
1439,0
1440,0
1441,1
1442,2
1443,0
1444,0
1445,0
1446,0
1447,2
1448,2
1449,0
1450,0
1451,0
1452,0
1453,3
1454,2
1455,0
1456,0
1457,0
1458,0
1459,0
1460,0
1461,1
1462,0
1463,2
1464,0
1465,0
1466,1
1467,0
1468,2
1469,2
1470,0
1471,0
1472,0
1473,0
1474,2
1475,0
1476,0
1477,1
1478,0
1479,2
1480,0
1481,1
1482,0
1483,2
1484,0
1485,2
1486,1
1487,0
1488,1
1489,0
1490,0
1491,2
1492,2
1493,0
1494,0
1495,0
1496,1
1497,0
1498,2
1499,1
1500,0
1501,1
1502,2
1503,0
1504,1
1505,0
1506,3
1507,0
1508,0
1509,0
1510,3
1511,0
1512,0
1513,1
1514,0
1515,0
1516,1
1517,2
1518,2
1519,2
1520,2
1521,3
1522,0
1523,1
1524,0
1525,0
1526,0
1527,0
1528,2
1529,3
1530,0
1531,0
1532,0
1533,2
1534,3
1535,2
1536,0
1537,2
1538,0
1539,2
1540,0
1541,0
1542,0
1543,0
1544,0
1545,0
1546,2
1547,1
1548,2
1549,2
1550,3
1551,0
1552,0
1553,3
1554,0
1555,0
1556,2
1557,2
1558,0
1559,0
1560,2
1561,0
1562,0
1563,0
1564,2
1565,0
1566,1
1567,3
1568,0
1569,2
1570,1
1571,0
1572,2
1573,0
1574,0
1575,0
1576,2
1577,0
1578,2
1579,0
1580,2
1581,0
1582,2
1583,0
1584,1
1585,2
1586,0
1587,0
1588,1
1589,0
1590,1
1591,0
1592,0
1593,3
1594,0
1595,1
1596,2
1597,0
1598,0
1599,2
1600,0
1601,2
1602,0
1603,2
1604,0
1605,0
1606,1
1607,0
1608,0
1609,2
1610,2
1611,0
1612,0
1613,0
1614,0
1615,0
1616,0
1617,0
1618,1
1619,0
1620,0
1621,0
1622,0
1623,0
1624,0
1625,0
1626,3
1627,0
1628,0
1629,0
1630,2
1631,0
1632,2
1633,2
1634,0
1635,0
1636,0
1637,0
1638,3
1639,0
1640,2
1641,2
1642,0
1643,2
1644,0
1645,0
1646,2
1647,1
1648,0
1649,0
1650,0
1651,0
1652,3
1653,0
1654,2
1655,3
1656,3
1657,2
1658,2
1659,2
1660,2
1661,0
1662,2
1663,0
1664,0
1665,2
1666,0
1667,0
1668,2
1669,0
1670,3
1671,2
1672,0
1673,2
1674,1
1675,2
1676,2
1677,0
1678,0
1679,0
1680,0
1681,0
1682,1
1683,1
1684,2
1685,0
1686,0
1687,0
1688,0
1689,2
1690,3
1691,2
1692,2
1693,1
1694,0
1695,0
1696,1
1697,0
1698,1
1699,0
1700,0
1701,3
1702,2
1703,1
1704,0
1705,0
1706,1
1707,2
1708,0
1709,0
1710,1
1711,2
1712,0
1713,1
1714,2
1715,0
1716,2
1717,0
1718,0
1719,0
1720,2
1721,0
1722,0
1723,2
1724,2
1725,0
1726,0
1727,2
1728,1
1729,0
1730,0
1731,0
1732,3
1733,0
1734,0
1735,0
1736,1
1737,0
1738,3
1739,2
1740,2
1741,0
1742,0
1743,0
1744,0
1745,2
1746,2
1747,0
1748,0
1749,0
1750,0
1751,0
1752,0
1753,0
1754,0
1755,0
1756,1
1757,0
1758,0
1759,2
1760,0
1761,2
1762,0
1763,0
1764,0
1765,0
1766,0
1767,2
1768,0
1769,3
1770,3
1771,3
1772,0
1773,0
1774,2
1775,1
1776,2
1777,0
1778,2
1779,2
1780,1
1781,2
1782,2
1783,0
1784,1
1785,2
1786,2
1787,0
1788,0
1789,2
1790,0
1791,0
1792,3
1793,1
1794,0
1795,0
1796,2
1797,2
1798,1
1799,0
1800,0
1801,1
1802,0
1803,0
1804,0
1805,1
1806,1
1807,0
1808,0
1809,0
1810,2
1811,0
1812,0
1813,2
1814,0
1815,0
1816,0
1817,0
1818,2
1819,0
1820,0
1821,2
1822,1
1823,2
1824,2
1825,2
1826,0
1827,0
1828,0
1829,0
1830,0
1831,0
1832,0
1833,2
1834,2
1835,1
1836,2
1837,2
1838,0
1839,2
1840,0
1841,2
1842,0
1843,2
1844,2
1845,3
1846,0
1847,1
1848,0
1849,1
1850,0
1851,0
1852,0
1853,0
1854,0
1855,0
1856,0
1857,1
1858,0
1859,0
1860,1
1861,0
1862,3
1863,0
1864,0
1865,0
1866,0
1867,0
1868,0
1869,0
1870,2
1871,0
1872,0
1873,2
1874,3
1875,0
1876,0
1877,0
1878,2
1879,2
1880,0
1881,2
1882,0
1883,2
1884,2
1885,3
1886,0
1887,0
1888,0
1889,0
1890,0
1891,0
1892,1
1893,1
1894,0
1895,0
1896,1
1897,3
1898,0
1899,0
1900,0
1901,0
1902,2
1903,2
1904,0
1905,3
1906,0
1907,2
1908,1
1909,0
1910,2
1911,0
1912,1
1913,1
1914,3
1915,0
1916,2
1917,0
1918,3
1919,2
1920,0
1921,0
1922,0
1923,1
1924,0
1925,0
1926,0
1927,2
1928,2
1929,1
1930,1
1931,2
1932,2
1933,0
1934,0
1935,0
1936,0
1937,2
1938,0
1939,0
1940,0
1941,0
1942,3
1943,1
1944,0
1945,0
1946,2
1947,0
1948,0
1949,2
1950,0
1951,2
1952,1
1953,2
1954,0
1955,0
1956,0
1957,0
1958,3
1959,1
1960,0
1961,2
1962,1
1963,3
1964,0
1965,0
1966,2
1967,0
1968,2
1969,0
1970,0
1971,1
1972,2
1973,0
1974,2
1975,2
1976,0
1977,0
1978,0
1979,2
1980,0
1981,0
1982,1
1983,2
1984,2
1985,0
1986,0
1987,0
1988,0
1989,2
1990,3
1991,2
1992,0
1993,3
1994,0
1995,0
1996,2
1997,3
1998,1
1999,2
2000,0
2001,0
2002,0
2003,2
2004,0
2005,0
2006,2
2007,0
2008,2
2009,0
2010,0
2011,0
2012,0
2013,0
2014,0
2015,3
2016,2
2017,1
2018,0
2019,1
2020,0
2021,0
2022,0
2023,2
2024,2
2025,0
2026,0
2027,0
2028,0
2029,0
2030,3
2031,0
2032,3
2033,2
2034,2
2035,0
2036,2
2037,3
2038,0
2039,0
2040,0
2041,2
2042,0
2043,2
2044,0
2045,1
2046,0
2047,1
2048,0
2049,2
2050,1
2051,1
2052,2
2053,2
2054,0
2055,2
2056,0
2057,0
2058,2
2059,2
2060,1
2061,2
2062,0
2063,0
2064,2
2065,0
2066,0
2067,0
2068,0
2069,0
2070,1
2071,0
2072,1
2073,3
2074,0
2075,0
2076,1
2077,0
2078,3
2079,0
2080,0
2081,0
2082,0
2083,0
2084,0
2085,0
2086,0
2087,0
2088,0
2089,2
2090,2
2091,0
2092,0
2093,0
2094,0
2095,0
2096,0
2097,0
2098,0
2099,0
2100,0
2101,2
2102,3
2103,0
2104,2
2105,1
2106,2
2107,2
2108,1
2109,2
2110,0
2111,0
2112,0
2113,0
2114,2
2115,0
2116,0
2117,0
2118,0
2119,1
2120,0
2121,0
2122,2
2123,0
2124,1
2125,0
2126,1
2127,0
2128,1
2129,1
2130,0
2131,2
2132,2
2133,0
2134,0
2135,2
2136,0
2137,0
2138,0
2139,0
2140,0
2141,0
2142,0
2143,0
2144,2
2145,0
2146,0
2147,0
2148,0
2149,0
2150,2
2151,2
2152,0
2153,1
2154,2
2155,0
2156,2
2157,2
2158,0
2159,0
2160,2
2161,2
2162,2
2163,2
2164,2
2165,1
2166,0
2167,0
2168,0
2169,0
2170,0
2171,0
2172,1
2173,2
2174,0
2175,0
2176,0
2177,0
2178,1
2179,2
2180,0
2181,0
2182,0
2183,2
2184,0
2185,2
2186,0
2187,0
2188,0
2189,3
2190,0
2191,2
2192,2
2193,2
2194,3
2195,0
2196,0
2197,3
2198,2
2199,0
2200,0
2201,0
2202,0
2203,0
2204,0
2205,0
2206,1
2207,0
2208,0
2209,0
2210,0
2211,2
2212,0
2213,3
2214,0
2215,2
2216,1
2217,0
2218,0
2219,3
2220,2
2221,0
2222,1
2223,1
2224,2
2225,0
2226,2
2227,0
2228,2
2229,2
2230,0
2231,2
2232,0
2233,1
2234,2
2235,2
2236,2
2237,3
2238,2
2239,0
2240,3
2241,0
2242,0
2243,0
2244,0
2245,0
2246,2
2247,1
2248,0
2249,0
2250,0
2251,1
2252,0
2253,0
2254,0
2255,2
2256,2
2257,0
2258,0
2259,0
2260,1
2261,1
2262,0
2263,0
2264,0
2265,0
2266,0
2267,2
2268,2
2269,0
2270,0
2271,0
2272,0
2273,1
2274,2
2275,0
2276,1
2277,0
2278,0
2279,2
2280,0
2281,0
2282,1
2283,2
2284,0
2285,2
2286,0
2287,0
2288,1
2289,0
2290,0
2291,0
2292,0
2293,0
2294,0
2295,0
2296,2
2297,0
2298,3
2299,0
2300,1
2301,2
2302,2
2303,1
2304,2
2305,1
2306,2
2307,1
2308,0
2309,0
2310,2
2311,2
2312,2
2313,2
2314,0
2315,0
2316,1
2317,2
2318,3
2319,0
2320,0
2321,0
2322,3
2323,1
2324,2
2325,3
2326,2
2327,0
2328,0
2329,1
2330,1
2331,2
2332,2
2333,0
2334,0
2335,1
2336,2
2337,0
2338,2
2339,0
2340,2
2341,2
2342,2
2343,0
2344,2
2345,0
2346,1
2347,0
2348,0
2349,0
2350,0
2351,0
2352,0
2353,0
2354,0
2355,0
2356,0
2357,1
2358,0
2359,1
2360,0
2361,1
2362,2
2363,2
2364,2
2365,0
2366,1
2367,0
2368,0
2369,0
2370,1
2371,2
2372,3
2373,0
2374,0
2375,0
2376,0
2377,0
2378,2
2379,2
2380,0
2381,0
2382,0
2383,0
2384,0
2385,0
2386,0
2387,0
2388,0
2389,2
2390,0
2391,0
2392,0
2393,0
2394,3
2395,0
2396,2
2397,2
2398,1
2399,0
2400,0
2401,0
2402,0
2403,3
2404,0
2405,2
2406,0
2407,0
2408,2
2409,0
2410,0
2411,2
2412,0
2413,2
2414,0
2415,2
2416,0
2417,3
2418,0
2419,3
2420,2
2421,0
2422,0
2423,1
2424,0
2425,0
2426,0
2427,0
2428,0
2429,1
2430,1
2431,2
2432,0
2433,2
2434,1
2435,2
2436,0
2437,2
2438,0
2439,0
2440,2
2441,0
2442,1
2443,0
2444,2
2445,1
2446,0
2447,0
2448,0
2449,2
2450,0
2451,0
2452,1
2453,0
2454,0
2455,2
2456,0
2457,2
2458,0
2459,2
2460,3
2461,0
2462,0
2463,0
2464,2
2465,1
2466,1
2467,0
2468,0
2469,1
2470,0
2471,2
2472,0
2473,0
2474,0
2475,0
2476,1
2477,0
2478,0
2479,1
2480,0
2481,2
2482,0
2483,1
2484,3
2485,0
2486,0
2487,0
2488,2
2489,3
2490,0
2491,0
2492,0
2493,0
2494,0
2495,0
2496,0
2497,0
2498,0
2499,2
2500,2
2501,0
2502,3
2503,1
2504,2
2505,2
2506,0
2507,0
2508,0
2509,0
2510,0
2511,0
2512,2
2513,0
2514,0
2515,2
2516,2
2517,0
2518,2
2519,0
2520,1
2521,0
2522,0
2523,1
2524,0
2525,0
2526,1
2527,0
2528,1
2529,2
2530,0
2531,0
2532,0
2533,0
2534,0
2535,2
2536,0
2537,0
2538,2
2539,2
2540,0
2541,0
2542,1
2543,0
2544,0
2545,0
2546,2
2547,3
2548,2
2549,1
2550,3
2551,2
2552,2
2553,0
2554,1
2555,0
2556,0
2557,2
2558,2
2559,3
2560,0
2561,0
2562,1
2563,0
2564,2
2565,0
2566,0
2567,0
2568,0
2569,1
2570,0
2571,0
2572,1
2573,0
2574,0
2575,0
2576,0
2577,1
2578,0
2579,0
2580,0
2581,0
2582,2
2583,0
2584,2
2585,0
2586,0
2587,0
2588,2
2589,2
2590,2
2591,0
2592,0
2593,2
2594,0
2595,2
2596,0
2597,3
2598,1
2599,0
2600,3
2601,0
2602,0
2603,0
2604,2
2605,0
2606,0
2607,0
2608,2
2609,0
2610,0
2611,0
2612,2
2613,0
2614,0
2615,2
2616,0
2617,2
2618,0
2619,1
2620,0
2621,0
2622,0
2623,0
2624,0
2625,2
2626,0
2627,1
2628,0
2629,2
2630,1
2631,0
2632,0
2633,0
2634,3
2635,2
2636,2
2637,2
2638,1
2639,1
2640,3
2641,0
2642,1
2643,2
2644,0
2645,0
2646,0
2647,0
2648,0
2649,2
2650,0
2651,3
2652,0
2653,0
2654,0
2655,0
2656,0
2657,0
2658,0
2659,0
2660,2
2661,0
2662,0
2663,0
2664,2
2665,2
2666,0
2667,1
2668,1
2669,0
2670,0
2671,0
2672,1
2673,0
2674,1
2675,0
2676,1
2677,1
2678,1
2679,0
2680,0
2681,2
2682,0
2683,1
2684,0
2685,0
2686,0
2687,2
2688,0
2689,2
2690,2
2691,1
2692,0
2693,1
2694,0
2695,0
2696,2
2697,2
2698,0
2699,1
2700,0
2701,0
2702,0
2703,0
2704,2
2705,2
2706,1
2707,2
2708,0
2709,1
2710,0
2711,1
2712,0
2713,0
2714,0
2715,0
2716,0
2717,0
2718,2
2719,2
2720,0
2721,0
2722,0
2723,0
2724,2
2725,1
2726,0
2727,2
2728,1
2729,2
2730,0
2731,0
2732,0
2733,0
2734,0
2735,2
2736,0
2737,2
2738,2
2739,0
2740,2
2741,2
2742,2
2743,0
2744,0
2745,2
2746,0
2747,2
2748,0
2749,0
2750,0
2751,2
2752,1
2753,2
2754,0
2755,0
2756,0
2757,0
2758,0
2759,1
2760,0
2761,0
2762,0
2763,2
2764,2
2765,2
2766,0
2767,1
2768,0
2769,2
2770,2
2771,0
2772,1
2773,0
2774,2
2775,2
2776,1
2777,0
2778,2
2779,2
2780,0
2781,1
2782,1
2783,2
2784,0
2785,3
2786,0
2787,2
2788,3
2789,0
2790,2
2791,2
2792,0
2793,1
2794,0
2795,0
2796,2
2797,0
2798,0
2799,0
2800,2
2801,0
2802,1
2803,0
2804,2
2805,2
2806,1
2807,0
2808,2
2809,2
2810,1
2811,2
2812,0
2813,0
2814,0
2815,2
2816,2
2817,2
2818,0
2819,0
2820,0
2821,0
2822,0
2823,0
2824,0
2825,2
2826,2
2827,0
2828,2
2829,0
2830,0
2831,2
2832,0
2833,2
2834,1
2835,2
2836,3
2837,0
2838,1
2839,2
2840,0
2841,0
2842,2
2843,1
2844,1
2845,2
2846,0
2847,0
2848,0
2849,1
2850,2
2851,0
2852,1
2853,2
2854,0
2855,1
2856,0
2857,2
2858,1
2859,2
2860,0
2861,0
2862,1
2863,0
2864,2
2865,3
2866,0
2867,1
2868,2
2869,2
2870,0
2871,3
2872,1
2873,0
2874,0
2875,0
2876,2
2877,2
2878,0
2879,2
2880,0
2881,0
2882,0
2883,0
2884,0
2885,0
2886,2
2887,0
2888,0
2889,2
2890,1
2891,2
2892,0
2893,0
2894,2
2895,1
2896,0
2897,2
2898,0
2899,2
2900,0
2901,1
2902,2
2903,0
2904,1
2905,2
2906,1
2907,0
2908,1
2909,0
2910,2
2911,0
2912,0
2913,0
2914,0
2915,0
2916,3
2917,2
2918,0
2919,1
2920,0
2921,1
2922,0
2923,2
2924,2
2925,2
2926,0
2927,0
2928,0
2929,0
2930,2
2931,0
2932,0
2933,0
2934,3
2935,0
2936,2
2937,0
2938,1
2939,0
2940,1
2941,0
2942,0
2943,2
2944,2
2945,0
2946,0
2947,1
2948,0
2949,3
2950,0
2951,0
2952,0
2953,3
2954,2
2955,1
2956,0
2957,0
2958,0
2959,1
2960,0
2961,3
2962,2
2963,0
2964,3
2965,0
2966,0
2967,2
2968,0
2969,2
2970,0
2971,0
2972,2
2973,1
2974,0
2975,3
2976,0
2977,2
2978,3
2979,1
2980,2
2981,2
2982,1
2983,0
2984,2
2985,0
2986,0
2987,0
2988,1
2989,0
2990,0
2991,0
2992,3
2993,0
2994,0
2995,0
2996,0
2997,0
2998,1
2999,0
3000,0
3001,1
3002,0
3003,1
3004,0
3005,0
3006,0
3007,2
3008,2
3009,2
3010,0
3011,1
3012,0
3013,3
3014,0
3015,0
3016,0
3017,1
3018,0
3019,2
3020,1
3021,0
3022,0
3023,0
3024,1
3025,0
3026,0
3027,0
3028,2
3029,1
3030,0
3031,3
3032,2
3033,2
3034,2
3035,0
3036,0
3037,0
3038,0
3039,0
3040,0
3041,2
3042,1
3043,0
3044,0
3045,0
3046,0
3047,0
3048,0
3049,2
3050,1
3051,1
3052,0
3053,0
3054,0
3055,2
3056,0
3057,1
3058,0
3059,0
3060,0
3061,0
3062,0
3063,1
3064,3
3065,2
3066,0
3067,0
3068,1
3069,2
3070,0
3071,2
3072,0
3073,2
3074,0
3075,2
3076,2
3077,2
3078,2
3079,0
3080,0
3081,2
3082,0
3083,0
3084,0
3085,0
3086,1
3087,1
3088,2
3089,2
3090,0
3091,0
3092,3
3093,2
3094,0
3095,2
3096,0
3097,2
3098,2
3099,0
3100,0
3101,1
3102,2
3103,0
3104,2
3105,1
3106,0
3107,0
3108,1
3109,1
3110,0
3111,1
3112,1
3113,1
3114,0
3115,0
3116,1
3117,2
3118,1
3119,0
3120,2
3121,1
3122,0
3123,0
3124,2
3125,0
3126,1
3127,3
3128,0
3129,0
3130,0
3131,0
3132,0
3133,0
3134,2
3135,0
3136,0
3137,0
3138,0
3139,0
3140,1
3141,0
3142,3
3143,1
3144,0
3145,0
3146,0
3147,0
3148,0
3149,0
3150,0
3151,0
3152,0
3153,0
3154,1
3155,0
3156,2
3157,3
3158,3
3159,0
3160,1
3161,0
3162,0
3163,0
3164,0
3165,0
3166,0
3167,2
3168,0
3169,2
3170,0
3171,2
3172,0
3173,1
3174,0
3175,2
3176,0
3177,0
3178,0
3179,1
3180,0
3181,1
3182,0
3183,2
3184,2
3185,0
3186,0
3187,0
3188,2
3189,0
3190,0
3191,0
3192,3
3193,0
3194,0
3195,0
3196,0
3197,2
3198,2
3199,0
3200,2
3201,0
3202,0
3203,0
3204,0
3205,0
3206,0
3207,0
3208,0
3209,2
3210,0
3211,0
3212,0
3213,0
3214,0
3215,3
3216,3
3217,0
3218,0
3219,1
3220,0
3221,0
3222,0
3223,0
3224,0
3225,0
3226,2
3227,0
3228,1
3229,0
3230,0
3231,2
3232,2
3233,0
3234,1
3235,2
3236,0
3237,0
3238,1
3239,0
3240,0
3241,0
3242,2
3243,0
3244,0
3245,0
3246,2
3247,1
3248,2
3249,0
3250,0
3251,2
3252,0
3253,0
3254,0
3255,2
3256,0
3257,3
3258,2
3259,0
3260,0
3261,0
3262,0
3263,0
3264,2
3265,1
3266,2
3267,3
3268,2
3269,0
3270,1
3271,0
3272,0
3273,0
3274,0
3275,0
3276,0
3277,0
3278,0
3279,0
3280,0
3281,2
3282,0
3283,1
3284,0
3285,0
3286,1
3287,0
3288,0
3289,0
3290,1
3291,0
3292,0
3293,2
3294,1
3295,0
3296,0
3297,0
3298,0
3299,2
3300,2
3301,0
3302,2
3303,1
3304,0
3305,0
3306,0
3307,1
3308,0
3309,0
3310,0
3311,0
3312,2
3313,0
3314,2
3315,2
3316,0
3317,2
3318,0
3319,2
3320,0
3321,0
3322,1
3323,0
3324,0
3325,0
3326,0
3327,0
3328,0
3329,2
3330,0
3331,0
3332,0
3333,0
3334,0
3335,2
3336,0
3337,0
3338,0
3339,0
3340,1
3341,2
3342,0
3343,0
3344,2
3345,0
3346,3
3347,0
3348,0
3349,2
3350,3
3351,3
3352,3
3353,2
3354,0
3355,0
3356,2
3357,2
3358,0
3359,0
3360,0
3361,0
3362,0
3363,3
3364,0
3365,0
3366,0
3367,2
3368,1
3369,0
3370,0
3371,2
3372,0
3373,2
3374,2
3375,0
3376,2
3377,1
3378,0
3379,2
3380,0
3381,2
3382,2
3383,2
3384,0
3385,2
3386,3
3387,0
3388,2
3389,0
3390,2
3391,2
3392,0
3393,2
3394,2
3395,1
3396,0
3397,0
3398,1
3399,0
3400,1
3401,0
3402,0
3403,3
3404,0
3405,3
3406,1
3407,0
3408,0
3409,0
3410,1
